{
  "nbformat": 4,
  "nbformat_minor": 0,
  "metadata": {
    "colab": {
      "name": "Untitled47.ipynb",
      "provenance": [],
      "authorship_tag": "ABX9TyORxcaougfMMiKaKYB05KXA",
      "include_colab_link": true
    },
    "kernelspec": {
      "name": "python3",
      "display_name": "Python 3"
    },
    "language_info": {
      "name": "python"
    }
  },
  "cells": [
    {
      "cell_type": "markdown",
      "metadata": {
        "id": "view-in-github",
        "colab_type": "text"
      },
      "source": [
        "<a href=\"https://colab.research.google.com/github/Dhatri-nanda/dn/blob/main/Untitled47.ipynb\" target=\"_parent\"><img src=\"https://colab.research.google.com/assets/colab-badge.svg\" alt=\"Open In Colab\"/></a>"
      ]
    },
    {
      "cell_type": "code",
      "metadata": {
        "id": "3RNyOz8zS9dg"
      },
      "source": [
        "import numpy as np\n",
        "from numpy import linalg \n",
        "\n",
        "def MGS(A):\n",
        "  n,n = A.shape\n",
        "  AT = np.transpose(A)\n",
        "  Q_T = np.zeros((n,n))\n",
        "  Q_t_T = np.copy(AT)\n",
        "  R = np.zeros((n,n))\n",
        "  for i in range(0, n):\n",
        "    Q_T[i] = Q_t_T[i] / linalg.norm(Q_t_T[i])\n",
        "    R[i][i] = linalg.norm(Q_t_T[i])\n",
        "    for j in range(i+1, n):\n",
        "      tmp = Q_t_T[j] - Q_T[i] * (Q_t_T[j]@(np.transpose(Q_T[i])))\n",
        "      Q_t_T[j] = np.copy(tmp)\n",
        "      tmp = np.zeros(n)\n",
        "    for k in range(1,i+1):\n",
        "      R[k-1][i] = AT[i]@np.transpose(Q_T[k-1])\n",
        "  Q = np.transpose(Q_T)\n",
        "  return Q,R"
      ],
      "execution_count": 25,
      "outputs": []
    },
    {
      "cell_type": "code",
      "metadata": {
        "id": "kH69VlQXWIn4"
      },
      "source": [
        "def hilbert(n):\n",
        "  A = np.zeros((n, n))\n",
        "  for i in range(0, n):\n",
        "    for j in range(0, n):\n",
        "      A[i][j] = (1 / (i + j + 1))\n",
        "  return A"
      ],
      "execution_count": 26,
      "outputs": []
    },
    {
      "cell_type": "code",
      "metadata": {
        "colab": {
          "base_uri": "https://localhost:8080/"
        },
        "id": "YHHo0vRQWNkR",
        "outputId": "a737ec0e-da3d-40c2-ae45-4effbbda0c43"
      },
      "source": [
        "def Que(A):\n",
        "  n,n = A.shape\n",
        "  Q,R = MGS(A)\n",
        "  AQR_n = linalg.norm(A - Q@R)\n",
        "  QTQI_n = linalg.norm((np.transpose(Q)@Q) - np.identity(n))\n",
        "\n",
        "  Q_i, R_i = np.linalg.qr(A)\n",
        "\n",
        "  print(f'Q from MGS-\\n{Q}')\n",
        "  print(f'\\nQ from inbuilt function-\\n{Q_i}')\n",
        "  print(f'\\nR from CGS-\\n{R}')\n",
        "  print(f'\\nR from inbuilt function-\\n{R_i}\\n')\n",
        "  print(f'\\n|| A - QR ||f-\\n{AQR_n}\\n')\n",
        "  print(f'\\n|| QTQ - I ||f-\\n{QTQI_n}\\n')\n",
        "\n",
        "\n",
        "n = 3\n",
        "\n",
        "print(\"For part a\\n\")\n",
        "A = np.random.rand(n, n)\n",
        "Que(A)\n",
        "\n",
        "print(\"For part b\\n\")\n",
        "B = np.random.rand(n, n-2)\n",
        "A = (B@np.transpose(B))\n",
        "Que(A)\n",
        "\n",
        "print(\"For part c\\n\")\n",
        "A = A + 0.0001*np.identity(n)\n",
        "Que(A)\n",
        "\n",
        "print(\"For part d\\n\")\n",
        "A = 0.0001*np.identity(n) + hilbert(n)\n",
        "Que(A)"
      ],
      "execution_count": 27,
      "outputs": [
        {
          "output_type": "stream",
          "name": "stdout",
          "text": [
            "For part a\n",
            "\n",
            "Q from MGS-\n",
            "[[ 0.88293855 -0.4430435   0.1553447 ]\n",
            " [ 0.30829757  0.29759418 -0.9035432 ]\n",
            " [ 0.35407926  0.84566551  0.39934661]]\n",
            "\n",
            "Q from inbuilt function-\n",
            "[[-0.88293855  0.4430435   0.1553447 ]\n",
            " [-0.30829757 -0.29759418 -0.9035432 ]\n",
            " [-0.35407926 -0.84566551  0.39934661]]\n",
            "\n",
            "R from CGS-\n",
            "[[0.8043953  0.74825887 0.64318841]\n",
            " [0.         0.30642251 0.42137969]\n",
            " [0.         0.         0.00388871]]\n",
            "\n",
            "R from inbuilt function-\n",
            "[[-0.8043953  -0.74825887 -0.64318841]\n",
            " [ 0.         -0.30642251 -0.42137969]\n",
            " [ 0.          0.          0.00388871]]\n",
            "\n",
            "\n",
            "|| A - QR ||f-\n",
            "1.6653345369377348e-16\n",
            "\n",
            "\n",
            "|| QTQ - I ||f-\n",
            "3.702542069871196e-14\n",
            "\n",
            "For part b\n",
            "\n",
            "Q from MGS-\n",
            "[[ 0.58852694  0.          1.        ]\n",
            " [ 0.69660154 -0.89442719  0.        ]\n",
            " [ 0.41034416 -0.4472136   0.        ]]\n",
            "\n",
            "Q from inbuilt function-\n",
            "[[-0.58852694  0.68713882 -0.42600033]\n",
            " [-0.69660154 -0.69841959 -0.16418398]\n",
            " [-0.41034416  0.20012579  0.8897007 ]]\n",
            "\n",
            "R from CGS-\n",
            "[[ 1.02921788e+00  1.21821909e+00  7.17611240e-01]\n",
            " [ 0.00000000e+00  1.24126708e-16 -5.78804304e-01]\n",
            " [ 0.00000000e+00  0.00000000e+00  5.55111512e-17]]\n",
            "\n",
            "R from inbuilt function-\n",
            "[[-1.02921788e+00 -1.21821909e+00 -7.17611240e-01]\n",
            " [ 0.00000000e+00 -8.85130901e-17 -5.00272612e-18]\n",
            " [ 0.00000000e+00  0.00000000e+00 -2.99273565e-17]]\n",
            "\n",
            "\n",
            "|| A - QR ||f-\n",
            "0.578804304224281\n",
            "\n",
            "\n",
            "|| QTQ - I ||f-\n",
            "1.4120343435978027\n",
            "\n",
            "For part c\n",
            "\n",
            "Q from MGS-\n",
            "[[ 5.88590447e-01 -7.63831810e-01 -2.64806063e-01]\n",
            " [ 6.96561705e-01  6.45415343e-01 -3.13433926e-01]\n",
            " [ 4.10320699e-01  3.04518623e-05  9.11941293e-01]]\n",
            "\n",
            "Q from inbuilt function-\n",
            "[[-5.88590447e-01  7.63831810e-01 -2.64806063e-01]\n",
            " [-6.96561705e-01 -6.45415343e-01 -3.13433926e-01]\n",
            " [-4.10320699e-01 -3.04518616e-05  9.11941293e-01]]\n",
            "\n",
            "R from CGS-\n",
            "[[1.02927674e+00 1.21828874e+00 7.17652269e-01]\n",
            " [0.00000000e+00 1.54951399e-04 5.32604085e-05]\n",
            " [0.00000000e+00 0.00000000e+00 1.09657451e-04]]\n",
            "\n",
            "R from inbuilt function-\n",
            "[[-1.02927674e+00 -1.21828874e+00 -7.17652269e-01]\n",
            " [ 0.00000000e+00 -1.54951399e-04 -5.32604071e-05]\n",
            " [ 0.00000000e+00  0.00000000e+00  1.09657451e-04]]\n",
            "\n",
            "\n",
            "|| A - QR ||f-\n",
            "1.413375605743036e-12\n",
            "\n",
            "\n",
            "|| QTQ - I ||f-\n",
            "3.1369048698004183e-12\n",
            "\n",
            "For part d\n",
            "\n",
            "Q from MGS-\n",
            "[[ 0.8571656  -0.50165607  0.11665474]\n",
            " [ 0.42853994  0.56903276 -0.70182279]\n",
            " [ 0.2856933   0.65156957  0.70273497]]\n",
            "\n",
            "Q from inbuilt function-\n",
            "[[-0.8571656   0.50165607  0.11665474]\n",
            " [-0.42853994 -0.56903276 -0.70182279]\n",
            " [-0.2856933  -0.65156957  0.70273497]]\n",
            "\n",
            "R from CGS-\n",
            "[[1.16675238 0.64289562 0.45002408]\n",
            " [0.         0.10179885 0.10541857]\n",
            " [0.         0.         0.00404648]]\n",
            "\n",
            "R from inbuilt function-\n",
            "[[-1.16675238 -0.64289562 -0.45002408]\n",
            " [ 0.         -0.10179885 -0.10541857]\n",
            " [ 0.          0.          0.00404648]]\n",
            "\n",
            "\n",
            "|| A - QR ||f-\n",
            "7.087189354717363e-16\n",
            "\n",
            "\n",
            "|| QTQ - I ||f-\n",
            "2.2732694770689023e-14\n",
            "\n"
          ]
        }
      ]
    }
  ]
}